25062507145745.8 -18504756174.0873 4895083.9582051 -7.83947939678586 55501254.9403388 -62534181.7378165 -640994416.910463 37448681.2808443 33558709.8716473
-18504756174.0873 16569882.1611662 -5261.1169712057 0 -101746.792212692 28251.9951322652 1077777.86008946 -39047.0381047695 -33036.5941553657
4895083.9582051 -5261.1169712057 69.1464321781948 -0.320991011622156 81.1552194179797 -39.4690437367295 -565.581255283176 13.7711648873598 3.91676087378621
-7.83947939678586 0 -0.320991011622156 0.00314869016779391 -0.232615931373609 -0.00988275885197496 0 0 0.0716681469486905
55501254.9403388 -101746.792212692 81.1552194179797 -0.232615931373609 13536.7671191248 7388.74635438305 -135927.288415495 523.250333791974 380.910596660269
-62534181.7378165 28251.9951322652 -39.4690437367295 -0.00988275885197496 7388.74635438305 25648.8868096447 -67428.8775439273 81.4070116608973 -84.2537997875076
-640994416.910463 1077777.86008946 -565.581255283176 0 -135927.288415495 -67428.8775439273 1369754.16406144 -5366.32627308079 -4064.13579766204
37448681.2808443 -39047.0381047695 13.7711648873598 0 523.250333791974 81.4070116608973 -5366.32627308079 106.852539298452 87.0803229844537
33558709.8716473 -33036.5941553657 3.91676087378621 0.0716681469486905 380.910596660269 -84.2537997875076 -4064.13579766204 87.0803229844537 104.443630728275
        
43651686916071.1 -21295350916.3333 -20909.8543734371 -2.4580987093824 -316063784.474983 -64617675.9251576 -786717147.563022 39935100.8781241 40113053.8370932
-21295350916.3333 11790488.3034511 -7.86146086808782 0 300484.207631442 26662.2114605108 735912.740612183 -24784.4080931562 -24895.409348477
-20909.8543734371 -7.86146086808782 4.41629372070174 -0.0383943749441126 -7.11267495916809 0.616563731277747 -7.52701589573562 0.0564115361608649 0.049071501535873
-2.4580987093824 0 -0.0383943749441126 0.000335159369826336 0.0351450498755534 0.00361980866219772 0 0 6.62790561950212e-05
-316063784.474983 300484.207631442 -7.11267495916809 0.0351450498755534 161336.016350756 -12314.7897742228 390846.187501587 -1278.67502790972 -1284.356609266
-64617675.9251576 26662.2114605108 0.616563731277747 0.00361980866219772 -12314.7897742228 6048.01834513181 -29863.7527309776 -5.25546147514772 -5.36066271603767
-786717147.563022 735912.740612183 -7.52701589573562 0 390846.187501587 -29863.7527309776 946992.765417156 -3110.16922268152 -3123.95633052362
39935100.8781241 -24784.4080931562 0.0564115361608649 0 -1278.67502790972 -5.25546147514772 -3110.16922268152 59.0717002010116 59.3362128353837
40113053.8370932 -24895.409348477 0.049071501535873 6.62790561950212e-05 -1284.356609266 -5.36066271603767 -3123.95633052362 59.3362128353837 59.606290299986
        
92387659313379.2 -69442941432.1441 80417.1208513678 -25.6304246669162 60385231.1746631 155101852.451102 -742474828.695426 105388386.528692 -105411892.084129
-69442941432.1441 122298789.664467 -748.808100034764 0 -440902.22407827 -1824120.1956024 5449137.49856877 -319817.213914618 319875.176372161
80417.1208513678 -748.808100034764 43.7627066402706 1.19545989289793 -17.640036032256 54.1888806284888 -174.843418587797 3.70365932617329 -3.42848967616243
-25.6304246669162 0 1.19545989289793 0.0327085131559705 -0.730104542109973 -0.400100385099482 0 0 0.007536421509909
60385231.1746631 -440902.22407827 -17.640036032256 -0.730104542109973 40827.0638435954 99905.60696657 -297733.586120621 2696.18071076716 -2699.91712269123
155101852.451102 -1824120.1956024 54.1888806284888 -0.400100385099482 99905.60696657 845562.611514546 -2088740.72571126 14530.748161795 -14522.3444556602
-742474828.695426 5449137.49856877 -174.843418587797 0 -297733.586120621 -2088740.72571126 5255186.86546518 -38933.8041463714 38922.8691701229
105388386.528692 -319817.213914618 3.70365932617329 0 2696.18071076716 14530.748161795 -38933.8041463714 1130.18979358424 -1130.27468791274
-105411892.084129 319875.176372161 -3.42848967616243 0.007536421509909 -2699.91712269123 -14522.3444556602 38922.8691701229 -1130.27468791274 1130.36959988193
        
5040404956278.45 -4925320029.42806 -819618.638881767 -1.12302716902771 -31979246.0985214 50762109.5132068 -200378037.701309 10990507.8220132 4949850.75767634
-4925320029.42806 5292821.10536599 1131.44427727836 0 48788.9524330079 -89798.9050279743 322396.579587883 -12876.831977251 -5876.69429995979
-819618.638881767 1131.44427727836 16.1314320913658 -0.0353662952677983 22.7644765386957 -48.6314686180109 161.645496981621 -3.35815884441462 -0.557424890555708
-1.12302716902771 0 -0.0353662952677983 0.000401242199169253 -0.0266040611393622 -0.028052552842843 0 0 -0.0112867044711094
-31979246.0985214 48788.9524330079 22.7644765386957 -0.0266040611393622 6197.46618987525 -11145.7420856998 37852.4728688353 -199.423801521725 -80.8224029735631
50762109.5132068 -89798.9050279743 -48.6314686180109 -0.028052552842843 -11145.7420856998 31326.039343099 -91675.0413194552 415.950288120194 206.273179511649
-200378037.701309 322396.579587883 161.645496981621 0 37852.4728688353 -91675.0413194552 280719.190080003 -1384.9216022772 -667.500780093249
10990507.8220132 -12876.831977251 -3.35815884441462 0 -199.423801521725 415.950288120194 -1384.9216022772 34.5414581333244 15.9662626001442
4949850.75767634 -5876.69429995979 -0.557424890555708 -0.0112867044711094 -80.8224029735631 206.273179511649 -667.500780093249 15.9662626001442 20.035756481128
        
492734669752.362 -4554996319.19928 1445423.19526791 -149.510284467916 -39016477.329562 212758483.704265 -970117274.837667 23965880.6991968 -24019515.9265403
-4554996319.19928 46861816.3358613 -16848.7767427923 0 601831.417087348 -3540964.71275599 15597266.0469608 -274794.242993538 274787.546389286
1445423.19526791 -16848.7767427923 594.461585381381 13.7472577724542 -560.399442901042 2727.21623429991 -10003.1241393046 113.775628585503 -62.8762248148707
-149.510284467916 0 13.7472577724542 0.362393303209944 -5.58968126391028 -5.34160246561442 0 0 1.33413922352144
-39016477.329562 601831.417087348 -560.399442901042 -5.58968126391028 41192.235607855 -248086.667323075 1128025.3993869 -5787.68555833605 5791.38418849325
212758483.704265 -3540964.71275599 2727.21623429991 -5.34160246561442 -248086.667323075 2601349.72452433 -7790025.72271363 36543.2227383466 -34643.8270369347
-970117274.837667 15597266.0469608 -10003.1241393046 0 1128025.3993869 -7790025.72271363 31868960.612629 -155781.335134304 154387.234518341
23965880.6991968 -274794.242993538 113.775628585503 0 -5787.68555833605 36543.2227383466 -155781.335134304 1830.6644666021 -1826.00928739523
-24019515.9265403 274787.546389286 -62.8762248148707 1.33413922352144 5791.38418849325 -34643.8270369347 154387.234518341 -1826.00928739523 1872.04672459936
        
841049359544.086 -2567214197.89136 -8705.84587057641 -9.82981527015361 75849823.8384699 42273906.5261039 -370282593.535481 9649017.20446033 9647611.62171486
-2567214197.89136 8712178.00910136 32.881997608194 0 -389141.612601642 -212780.783894816 1974918.50950933 -36315.4241430575 -36309.9497698166
-8705.84587057641 32.881997608194 3.23535558988853 -0.138351874146633 -11.77765058229 -3.93944695421358 12.0527836623535 -0.151045315319878 -0.145390483208054
-9.82981527015361 0 -0.138351874146633 0.00591842168030081 0.360032467391723 0.122061914519519 0 0 -0.000240893786370091
75849823.8384699 -389141.612601642 -11.77765058229 0.360032467391723 188708.166062948 60005.4868975241 -713721.474204691 2782.86328336118 2782.64168014483
42273906.5261039 -212780.783894816 -3.93944695421358 0.122061914519519 60005.4868975241 37012.0847462986 -374371.344619044 1495.34943438973 1495.05252920755
-370282593.535481 1974918.50950933 12.0527836623535 0 -713721.474204691 -374371.344619044 3919410.35000618 -14638.6315108062 -14636.129749346
9649017.20446033 -36315.4241430575 -0.151045315319878 0 2782.86328336118 1495.34943438973 -14638.6315108062 170.964158832653 170.937465861663
9647611.62171486 -36309.9497698166 -0.145390483208054 -0.000240893786370091 2782.64168014483 1495.05252920755 -14636.129749346 170.937465861663 170.910863433399
        
9775798360580.5 -7898720185.34357 -4126292.86822894 -4.14800660793621 78724896.9103231 -68362510.592471 -341901379.907072 17116749.8121679 -11025938.8254173
-7898720185.34357 7171539.08985898 4531.46496019569 0 -122142.096202707 87552.6839982378 506477.247247214 -17278.1582830247 11885.9166128904
-4126292.86822894 4531.46496019569 32.634942047349 0.159125350597736 -219.091456953012 47.7626995394717 731.695697190425 -12.9719047602662 3.0631362409353
-4.14800660793621 0 0.159125350597736 0.00213836830096843 -0.203024005754059 -0.0528600833260246 0 0 -0.0851266589224087
78724896.9103231 -122142.096202707 -219.091456953012 -0.203024005754059 41749.3245347094 -16928.6096949738 -157308.23521946 588.692307684708 -506.858989445028
-68362510.592471 87552.6839982378 47.7626995394717 -0.0528600833260246 -16928.6096949738 17743.3069697532 76624.4601351271 -354.665379116598 217.652921377035
-341901379.907072 506477.247247214 731.695697190425 0 -157308.23521946 76624.4601351271 608250.123623406 -2358.01187458416 1930.83789285574
17116749.8121679 -17278.1582830247 -12.9719047602662 0 588.692307684708 -354.665379116598 -2358.01187458416 46.8857738759906 -33.9674374975055
-11025938.8254173 11885.9166128904 3.0631362409353 -0.0851266589224087 -506.858989445028 217.652921377035 1930.83789285574 -33.9674374975055 44.2427257754315
        
30645935805.6848 -817588067.50411 -1352.85097551426 -55.8858729023494 3500531.99249674 -58135200.3329765 -264648887.119251 6048836.8365891 -6048751.20860669
-817588067.50411 24685844.3292347 28.4460463907613 0 -152870.235865473 2744008.23548948 13184722.359955 -208228.19754853 208225.550697661
-1352.85097551426 28.4460463907613 13.5426937015426 1.2770799592807 -41.441088803605 38.613999692222 32.2336741373186 -0.302229429954986 0.298237974453552
-55.8858729023494 0 1.2770799592807 0.120434325688374 -3.87079388817299 3.4431549247171 0 0 -0.000376091065174616
3500531.99249674 -152870.235865473 -41.441088803605 -3.87079388817299 3172.53141044751 -56661.0923403136 -311223.912159054 1979.05305060688 -1979.02349610441
-58135200.3329765 2744008.23548948 38.613999692222 3.4431549247171 -56661.0923403136 1572499.0930348 6228776.61512837 -37494.870322612 37494.0072945142
-264648887.119251 13184722.359955 32.2336741373186 0 -311223.912159054 6228776.61512837 32969981.0361001 -188345.987330853 188344.401305052
6048836.8365891 -208228.19754853 -0.302229429954986 0 1979.05305060688 -37494.870322612 -188345.987330853 2040.72733886103 -2040.70435807508
-6048751.20860669 208225.550697661 0.298237974453552 -0.000376091065174616 -1979.02349610441 37494.0072945142 188344.401305052 -2040.70435807508 2040.68139322617
        
1818670564538.92 -2876695737.021 -75840.798013122 -1.58970096534837 -16423881.5043928 74981064.1192039 -177606853.142287 7789585.73720733 -8026623.155552
-2876695737.021 5012797.42684371 161.060966951846 0 35814.3360619795 -195477.839786073 467820.624280648 -14852.5758499384 15292.8647058768
-75840.798013122 161.060966951846 10.4077373921564 0.0785202411608898 -11.5263942174244 -23.5235912123259 41.0713625325229 -0.59175856896102 0.417932492621747
-1.58970096534837 0 0.0785202411608898 0.000608236420135649 -0.0465228254628946 -0.0455356828958805 0 0 -0.00147886776157051
-16423881.5043928 35814.3360619795 -11.5263942174244 -0.0465228254628946 4433.27071998835 -8521.51719954847 21914.5146784814 -150.451121382016 156.725048021822
74981064.1192039 -195477.839786073 -23.5235912123259 -0.0455356828958805 -8521.51719954847 84131.0091363965 -207783.71601952 1006.82107443751 -1033.66512594005
-177606853.142287 467820.624280648 41.0713625325229 0 21914.5146784814 -207783.71601952 513647.140934996 -2440.77908177003 2505.4750388908
7789585.73720733 -14852.5758499384 -0.59175856896102 0 -150.451121382016 1006.82107443751 -2440.77908177003 48.8109406190634 -50.2204582023698
-8026623.155552 15292.8647058768 0.417932492621747 -0.00147886776157051 156.725048021822 -1033.66512594005 2505.4750388908 -50.2204582023698 51.8065909493883
        
272945230350.412 -2427648619.4577 -228290.546987458 -6.91579340962653 60522615.5045349 -9226983.41889108 -133927969.622615 9327569.29102133 9031522.74186069
-2427648619.4577 25294068.6472403 2914.91445110412 0 -1135523.25004949 113274.729367143 2540051.43733512 -112529.404968486 -109007.984339653
-228290.546987458 2914.91445110412 99.0557569850743 -0.83031977699645 -150.992864526771 12.5465706988585 680.675225038155 -15.9981028238343 -10.7760152456173
-6.91579340962653 0 -0.83031977699645 0.00733156625888438 -1.20838483636594 0.0446582714203042 0 0 -0.0417404651866194
60522615.5045349 -1135523.25004949 -150.992864526771 -1.20838483636594 492065.728789931 -11720.2205313157 -1111642.27194417 9929.80448309889 9633.17470517225
-9226983.41889108 113274.729367143 12.5465706988585 0.0446582714203042 -11720.2205313157 653.67769191899 26816.0013449622 -611.36291322273 -595.416346049527
-133927969.622615 2540051.43733512 680.675225038155 0 -1111642.27194417 26816.0013449622 2528494.8343813 -22390.8654628906 -21716.2276284974
9327569.29102133 -112529.404968486 -15.9981028238343 0 9929.80448309889 -611.36291322273 -22390.8654628906 588.357805386468 570.158232843609
9031522.74186069 -109007.984339653 -10.7760152456173 -0.0417404651866194 9633.17470517225 -595.416346049527 -21716.2276284974 570.158232843609 555.263879341445
        
219812840520.292 -1004486892.36538 13003.7034195748 -4.98772251975973 -1596971.9019813 64662456.6753132 -156659706.595785 4205608.83553701 4209584.90877757
-1004486892.36538 5061629.79689405 -68.1941555687985 0 6768.00031658684 -496526.935615557 1191411.99420958 -23321.0916639278 -23343.6888941689
13003.7034195748 -68.1941555687985 5.04607440490737 -0.130235341768166 2.52688534699432 10.0498289692837 -22.2835176136822 0.33536208984538 0.30903707144091
-4.98772251975973 0 -0.130235341768166 0.00336667751121261 -0.126232490122352 -0.00987862229939966 0 0 0.000689168393266282
-1596971.9019813 6768.00031658684 2.52688534699432 -0.126232490122352 9339.2677753719 3156.15445479401 -10969.2997154676 -9.75671786767746 -9.16691673286648
64662456.6753132 -496526.935615557 10.0498289692837 -0.00987862229939966 3156.15445479401 370807.837910657 -873012.99428011 3900.4028859736 3904.48672647728
-156659706.595785 1191411.99420958 -22.2835176136822 0 -10969.2997154676 -873012.99428011 2057373.12897547 -9282.72386943971 -9292.80119549931
4205608.83553701 -23321.0916639278 0.33536208984538 0 -9.75671786767746 3900.4028859736 -9282.72386943971 120.247059452797 120.367005939575
4209584.90877757 -23343.6888941689 0.30903707144091 0.000689168393266282 -9.16691673286648 3904.48672647728 -9292.80119549931 120.367005939575 120.488293410139
        
2673341323224.9 -5135697309.2591 670931.110167109 -7.9227955254495 113433656.446071 17625858.3080196 -316993632.151854 14476698.3608634 13874305.6884999
-5135697309.2591 11139885.4134844 -1864.28229595653 0 -412007.757478721 -51891.4656979221 1147362.42185677 -35178.110847965 -33902.3158150096
670931.110167109 -1864.28229595653 25.6920396308108 -0.371275900596061 172.035826800987 -12.9167434535097 -502.338008701014 7.40337691952895 4.68191113637302
-7.9227955254495 0 -0.371275900596061 0.00579232859666225 0.416754667481201 -0.215037967686648 0 0 0.0387915420462106
113433656.446071 -412007.757478721 172.035826800987 0.416754667481201 203896.868446931 12741.8574821579 -561401.141411308 2525.43842834597 2479.24820042157
17625858.3080196 -51891.4656979221 -12.9167434535097 -0.215037967686648 12741.8574821579 11908.9126093384 -46969.1366013737 263.784252961116 236.450973269342
-316993632.151854 1147362.42185677 -502.338008701014 0 -561401.141411308 -46969.1366013737 1559511.47967625 -7021.89511361373 -6872.9767988175
14476698.3608634 -35178.110847965 7.40337691952895 0 2525.43842834597 263.784252961116 -7021.89511361373 126.60153979194 122.582735858427
13874305.6884999 -33902.3158150096 4.68191113637302 0.0387915420462106 2479.24820042157 236.450973269342 -6872.9767988175 122.582735858427 119.828059799424
        
4.37305019089598e+15 -398589981919.965 -4666274.59425886 -11.0895954638767 -145412010.794344 102542900.166298 -2057687844.98198 254795388.707513 -258218118.362571
-398589981919.965 51443057.110555 -407.904904759615 0 107154.009050497 -255863.545287589 1118192.54012384 -54562.088427915 55977.6950303112
-4666274.59425886 -407.904904759615 30.5265325476417 0.290939270869611 -37.1599524420143 91.2808445974747 -254.916323795569 2.77318822251068 -1.6346796494259
-11.0895954638767 0 0.290939270869611 0.00300931909360393 0.0200335870064423 0.106613979379358 0 0 0.0128577938758362
-145412010.794344 107154.009050497 -37.1599524420143 0.0200335870064423 48842.5997369299 -74144.9174835176 249350.087484263 -594.518020498671 621.969184189868
102542900.166298 -255863.545287589 91.2808445974747 0.106613979379358 -74144.9174835176 146899.365973553 -478028.101703598 1294.00112890229 -1362.9446122945
-2057687844.98198 1118192.54012384 -254.916323795569 0 249350.087484263 -478028.101703598 1564722.48184142 -4542.21272759518 4770.06317163479
254795388.707513 -54562.088427915 2.77318822251068 0 -594.518020498671 1294.00112890229 -4542.21272759518 91.3482423026659 -94.7929433875044
-258218118.362571 55977.6950303112 -1.6346796494259 0.0128577938758362 621.969184189868 -1362.9446122945 4770.06317163479 -94.7929433875044 99.9327790780876
        
53817592778109.4 -23248622705.0158 389730.16356063 -3.9158384442964 245872209.7024 88766505.1257802 -737177186.917977 41101596.1580307 40735661.4146532
-23248622705.0158 11178300.6910597 -93.810467555432 0 -175922.680684523 -86921.5177369746 567421.750522311 -21821.2507407025 -21570.9641570928
389730.16356063 -93.810467555432 5.81930548314092 -0.0903604267624388 -1.32223548593255 -12.8581196158828 25.8898684695582 -0.0105754365324174 -0.00808412430932176
-3.9158384442964 0 -0.0903604267624388 0.00143397495360921 -0.0313376215743156 0.0614199601393194 0 0 -3.73985559290901e-05
245872209.7024 -175922.680684523 -1.32223548593255 -0.0313376215743156 49236.0935905784 27953.9185356837 -164462.11356714 623.162127473062 612.398867776276
88766505.1257802 -86921.5177369746 -12.8581196158828 0.0614199601393194 27953.9185356837 26615.5641125105 -118891.741178472 378.096192296238 375.055742820766
-737177186.917977 567421.750522311 25.8898684695582 0 -164462.11356714 -118891.741178472 610335.472792205 -2149.91416836508 -2121.67852667418
41101596.1580307 -21821.2507407025 -0.0105754365324174 0 623.162127473062 378.096192296238 -2149.91416836508 47.6608163377433 47.0538410311297
40735661.4146532 -21570.9641570928 -0.00808412430932176 -3.73985559290901e-05 612.398867776276 375.055742820766 -2121.67852667418 47.0538410311297 46.5066931149508
        
74585761301409.8 -69557823649.6782 4256775.33747893 -68.2555312285797 -981439096.593926 622924442.528817 -3775829815.35397 163022510.226678 -160288017.841045
-69557823649.6782 73957870.3868941 -5362.41915704393 0 1964184.6387266 -1079615.97285879 6957285.19281996 -195587.298465505 192481.29775305
4256775.33747893 -5362.41915704393 88.3588003086718 1.84537646617599 -377.928562030784 189.747713782209 -1140.16024505503 16.8335042283356 -12.162268382424
-68.2555312285797 0 1.84537646617599 0.0398992319996735 -0.32180663384347 0.949199341737643 0 0 0.0954887160210857
-981439096.593926 1964184.6387266 -377.928562030784 -0.32180663384347 1111994.8926584 -442705.462650658 3416146.86847551 -11124.7696018626 10990.4260416565
622924442.528817 -1079615.97285879 189.747713782209 0.949199341737643 -442705.462650658 278424.322207225 -1566506.05716824 5549.03395483931 -5453.33869860984
-3775829815.35397 6957285.19281996 -1140.16024505503 0 3416146.86847551 -1566506.05716824 10914707.136201 -37297.2780483746 36797.6685039867
163022510.226678 -195587.298465505 16.8335042283356 0 -11124.7696018626 5549.03395483931 -37297.2780483746 592.689057401941 -583.718035100514
-160288017.841045 192481.29775305 -12.162268382424 0.0954887160210857 10990.4260416565 -5453.33869860984 36797.6685039867 -583.718035100514 576.320793342686
        
461725311390.32 -1059218249.96591 -22950.4715594665 -1.74238063790571 911681.643398758 31987427.170093 -84843690.2839352 3282344.30827592 1576743.55611686
-1059218249.96591 2750889.02602623 78.0642041289799 0 -5375.36551282705 -136895.760420968 372707.147489459 -9593.21163486265 -4484.001379411
-22950.4715594665 78.0642041289799 27.5004323894655 -0.0581105317838176 -4.489790823763 -7.46479882456309 38.406435841563 -0.368313992909023 -0.050833305018495
-1.74238063790571 0 -0.0581105317838176 0.000849553678519945 0.073871538777889 0.0922565550574256 0 0 -0.00171651782407738
911681.643398758 -5375.36551282705 -4.489790823763 0.073871538777889 262.515093141056 4254.05839360838 -12035.886895273 43.3550496127229 8.10586649354123
31987427.170093 -136895.760420968 -7.46479882456309 0.0922565550574256 4254.05839360838 76918.6030091236 -215414.255373078 911.215127117233 409.671323436223
-84843690.2839352 372707.147489459 38.406435841563 0 -12035.886895273 -215414.255373078 605494.17209358 -2523.93717244034 -1093.92244378435
3282344.30827592 -9593.21163486265 -0.368313992909023 0 43.3550496127229 911.215127117233 -2523.93717244034 38.3687961623957 17.5268071554032
1576743.55611686 -4484.001379411 -0.050833305018495 -0.00171651782407738 8.10586649354123 409.671323436223 -1093.92244378435 17.5268071554032 31.0836912474553
        
58093974117539.1 -36252850399.5167 -5250277.10420514 -20.2410795682025 -47923150.5337335 -490651973.049154 -1332518624.97871 71411865.9495357 -69163255.5293965
-36252850399.5167 27529258.2550428 4914.70585580067 0 151752.294359434 740986.404997342 2028404.19915783 -64039.8920568712 60062.0188602369
-5250277.10420514 4914.70585580067 55.235185421463 0.693962147787698 73.0422486254953 344.814885904551 872.689281053214 -13.9041629481941 6.7351069415807
-20.2410795682025 0 0.693962147787698 0.0109220943806293 -0.243131595672217 0.498338847390311 0 0 -0.0958244939748213
-47923150.5337335 151752.294359434 73.0422486254953 -0.243131595672217 38545.5804082968 119904.948429088 336588.289728101 -985.606264812918 867.680805161717
-490651973.049154 740986.404997342 344.814885904551 0.498338847390311 119904.948429088 415744.532636107 1141693.34641419 -3817.70806615024 3448.35534704587
-1332518624.97871 2028404.19915783 872.689281053214 0 336588.289728101 1141693.34641419 3149741.98981553 -10514.1715644121 9483.16925170873
71411865.9495357 -64039.8920568712 -13.9041629481941 0 -985.606264812918 -3817.70806615024 -10514.1715644121 175.998578191582 -162.320229504425
-69163255.5293965 60062.0188602369 6.7351069415807 -0.0958244939748213 867.680805161717 3448.35534704587 9483.16925170873 -162.320229504425 158.233052909531
        
3894800958652.4 -4449176986.27315 -142433.623450166 -3.82584843214258 113606629.697534 1575584.94660429 -261415749.899102 11096546.9885354 11671559.797623
-4449176986.27315 5680351.53812913 265.707352068501 0 -237655.159616026 -983.580080547503 538916.719952178 -15715.2746449399 -16687.2777604427
-142433.623450166 265.707352068501 25.3899643397505 -0.214727557954346 -63.0683112726674 -3.82951603541075 77.0856373349363 -0.975187990874383 -0.476653825125139
-3.82584843214258 0 -0.214727557954346 0.00211241398733493 0.199521194477672 -0.0320531771930778 0 0 -0.0055864827549346
113606629.697534 -237655.159616026 -63.0683112726674 0.199521194477672 149586.940291386 -2023.24266914231 -331216.049419421 1260.62307045753 1400.99963068974
1575584.94660429 -983.580080547503 -3.82951603541075 -0.0320531771930778 -2023.24266914231 1688.25115753201 7382.34896201477 -9.05973917029867 8.65195010800584
-261415749.899102 538916.719952178 77.0856373349363 0 -331216.049419421 7382.34896201477 738791.351447238 -2832.8536059758 -3106.85974236717
11096546.9885354 -15715.2746449399 -0.975187990874383 0 1260.62307045753 -9.05973917029867 -2832.8536059758 48.9910037189641 52.4741499568883
11671559.797623 -16687.2777604427 -0.476653825125139 -0.0055864827549346 1400.99963068974 8.65195010800584 -3106.85974236717 52.4741499568883 58.9165906840324
        
3668108905359.32 -6434728511.26494 687229.279307247 -9.94695299452118 -28456311.6223071 195320310.613936 -435330230.363725 18128386.5192073 16817223.9775486
-6434728511.26494 12854359.3180331 -1525.52277902464 0 102879.663917593 -651669.047153076 1500397.07213271 -40907.3933380482 -37853.5991501898
687229.279307247 -1525.52277902464 32.9884825144677 -0.414958633152422 -28.8455834589756 117.875643897098 -327.459951064646 5.48269906726814 3.06004934026513
-9.94695299452118 0 -0.414958633152422 0.00593129283340196 0.274708488045682 0.319057850659731 0 0 0.0286359806171046
-28456311.6223071 102879.663917593 -28.8455834589756 0.274708488045682 12911.4825067018 -67819.2380654175 165699.992090066 -661.802232629648 -602.12895363161
195320310.613936 -651669.047153076 117.875643897098 0.319057850659731 -67819.2380654175 408528.986957186 -985003.115200166 4028.78317037527 3709.11925460913
-435330230.363725 1500397.07213271 -327.459951064646 0 165699.992090066 -985003.115200166 2378658.00576548 -9504.62362519793 -8740.82455761593
18128386.5192073 -40907.3933380482 5.48269906726814 0 -661.802232629648 4028.78317037527 -9504.62362519793 149.697135446208 138.250108957713
16817223.9775486 -37853.5991501898 3.06004934026513 0.0286359806171046 -602.12895363161 3709.11925460913 -8740.82455761593 138.250108957713 130.40319164853
        
97434492411.7493 -190832031.201702 234103.755732117 -0.393485389783764 9856441.0911595 372540.719688732 -31159380.7249461 668680.310388226 608971.677716838
-190832031.201702 414369.51403131 -572.022103728642 0 -33859.9410946847 -1782.23519414645 104720.928962282 -1603.49732887009 -1460.71928048545
234103.755732117 -572.022103728642 8.88684797790247 -0.0209677165683584 107.730738640418 6.85149761095993 -271.797715196703 2.53185822921906 0.552831694670123
-0.393485389783764 0 -0.0209677165683584 0.000125303895498667 -0.00422551668757177 -0.0117534757982361 0 0 0.0104795685095729
9856441.0911595 -33859.9410946847 107.730738640418 -0.00422551668757177 30944.5986058218 1985.47111161485 -81187.2383654289 234.812682624941 213.289279398319
372540.719688732 -1782.23519414645 6.85149761095993 -0.0117534757982361 1985.47111161485 202.803101512295 -6568.72491689789 15.3807903970972 8.88145687174476
-31159380.7249461 104720.928962282 -271.797715196703 0 -81187.2383654289 -6568.72491689789 240906.791008152 -712.339736077623 -648.570914899717
668680.310388226 -1603.49732887009 2.53185822921906 0 234.812682624941 15.3807903970972 -712.339736077623 6.96531725582313 6.34514691179396
608971.677716838 -1460.71928048545 0.552831694670123 0.0104795685095729 213.289279398319 8.88145687174476 -648.570914899717 6.34514691179396 10.9019953772535
        
3398444934943.25 -21024807654.8609 -2290056.45355765 -111.472877818687 37827443.7152885 109740492.834724 -432706016.462528 59109073.3136411 60886928.4650067
-21024807654.8609 206826892.324158 42976.2971620497 0 -2066220.79302122 -4443510.27925316 15462011.0455597 -860878.47092029 -890045.447625993
-2290056.45355765 42976.2971620497 1741.72074628099 -29.3688332411806 -2800.10986815621 -3078.32105619871 11937.1723991812 -278.417207429228 -155.07157973014
-111.472877818687 0 -29.3688332411806 0.555589077335873 11.4984054148329 9.08114090644316 0 0 -2.45435170834553
37827443.7152885 -2066220.79302122 -2800.10986815621 11.4984054148329 483831.492161022 699347.013171993 -2737474.2104755 26245.2682279818 25142.4050385558
109740492.834724 -4443510.27925316 -3078.32105619871 9.08114090644316 699347.013171993 1405828.6330064 -4724069.54623962 50099.7772203545 51441.3053917105
-432706016.462528 15462011.0455597 11937.1723991812 0 -2737474.2104755 -4724069.54623962 17005894.9278565 -175926.589319629 -175467.314384953
59109073.3136411 -860878.47092029 -278.417207429228 0 26245.2682279818 50099.7772203545 -175926.589319629 4931.53060142376 5044.77072599478
60886928.4650067 -890045.447625993 -155.07157973014 -2.45435170834553 25142.4050385558 51441.3053917105 -175467.314384953 5044.77072599478 5291.16086951531
        
3041197646544.57 -5717852128.82784 22522.0510830257 -4.7293941698802 -94930570.6781714 -116977697.807961 -423489911.471031 16686725.0720338 16664535.7787742
-5717852128.82784 12125229.2110883 -51.0939902758766 0 351006.182861035 387728.484857718 1500037.09401845 -39657.3278617519 -39604.6947839341
22522.0510830257 -51.0939902758766 5.19903941840489 -0.0864593506151809 -2.73338488055375 -9.31760318854886 -10.9245241703933 0.184806905434664 0.171810096156409
-4.7293941698802 0 -0.0864593506151809 0.00143940628299957 0.00892078822511976 0.105397705116918 0 0 0.000212300897404544
-94930570.6781714 351006.182861035 -2.73338488055375 0.00892078822511976 163825.560687686 126824.8418119 586173.829118079 -2292.21970488728 -2289.29159445895
-116977697.807961 387728.484857718 -9.31760318854886 0.105397705116918 126824.8418119 127228.315325512 538986.768181101 -2315.80320915808 -2312.7253969417
-423489911.471031 1500037.09401845 -10.9245241703933 0 586173.829118079 538986.768181101 2348317.97903697 -9481.95596552576 -9469.48141485303
16686725.0720338 -39657.3278617519 0.184806905434664 0 -2292.21970488728 -2315.80320915808 -9481.95596552576 148.019360733822 147.823332448156
16664535.7787742 -39604.6947839341 0.171810096156409 0.000212300897404544 -2289.29159445895 -2312.7253969417 -9469.48141485303 147.823332448156 147.628347302379
        
31855342796498.7 -13033553952.7552 -9222755.97739576 -1.59138208612362 80887502.9816246 669370.007621389 -255793533.554031 20335910.3581935 -3082171.89933314
-13033553952.7552 6202382.09009554 4627.25665430601 0 -64347.2521727405 -14026.9536967604 237189.220183035 -11192.7875614323 1836.2841559866
-9222755.97739576 4627.25665430601 42.8243778893023 0.0198080171436294 -66.4702076374882 -28.0718878255865 320.133778539411 -8.96969327947156 0.271133339923738
-1.59138208612362 0 0.0198080171436294 0.000855113579606113 0.0750308990259695 -0.0545101831752751 0 0 -0.0537991213804112
80887502.9816246 -64347.2521727405 -66.4702076374882 0.0750308990259695 12307.1346298962 5369.5358570469 -53497.9894876973 230.064921644672 -68.9184177779967
669370.007621389 -14026.9536967604 -28.0718878255865 -0.0545101831752751 5369.5358570469 3363.86239121294 -29551.6206914393 89.6268431128715 31.1186880253626
-255793533.554031 237189.220183035 320.133778539411 0 -53497.9894876973 -29551.6206914393 272390.130816716 -1000.17413800674 166.432278721606
20335910.3581935 -11192.7875614323 -8.96969327947156 0 230.064921644672 89.6268431128715 -1000.17413800674 23.7482504029733 -4.01734227751836
-3082171.89933314 1836.2841559866 0.271133339923738 -0.0537991213804112 -68.9184177779967 31.1186880253626 166.432278721606 -4.01734227751836 43.006419654958
        
9779716159.30417 -394424088.782231 -61131.4150623472 -25.0947722282212 -3182827.82217868 -25056205.2432442 -102227116.562939 3055951.80220927 -3129267.87897805
-394424088.782231 17869961.3221566 3170.30514265044 0 213011.55297083 1825626.90572343 7328654.09921081 -156345.823840859 160013.222553125
-61131.4150623472 3170.30514265044 408.619089345488 4.87489656323413 216.16524708547 1261.04156390071 2530.02449562534 -33.6582003376015 21.6505468696201
-25.0947722282212 0 4.87489656323413 0.061625657838949 2.23029622222334 -2.19512407564599 0 0 -0.161498206355676
-3182827.82217868 213011.55297083 216.16524708547 2.23029622222334 8833.51769630381 76992.5673924491 327967.158301924 -2862.86925289727 2932.06718952957
-25056205.2432442 1825626.90572343 1261.04156390071 -2.19512407564599 76992.5673924491 1128157.88846223 3315501.96694595 -26384.0109355969 26690.1280058999
-102227116.562939 7328654.09921081 2530.02449562534 0 327967.158301924 3315501.96694595 12763243.5518462 -104109.601139851 106329.208634218
3055951.80220927 -156345.823840859 -33.6582003376015 0 -2862.86925289727 -26384.0109355969 -104109.601139851 1569.19938453849 -1604.98889290835
-3129267.87897805 160013.222553125 21.6505468696201 -0.161498206355676 2932.06718952957 26690.1280058999 106329.208634218 -1604.98889290835 1655.07244821296
        
12800151637927 -46835474386.4146 16027007.9425641 -266.322246229805 -1285141062.98732 160884410.096218 -2809089506.15746 150767466.963388 152846661.960473
-46835474386.4146 196232301.339991 -76017.8623028093 0 9486311.84369984 -698102.550456727 20689722.3885826 -718506.491521727 -729405.358411384
16027007.9425641 -76017.8623028093 1152.25485879515 -25.5141672496506 -6592.5571340762 123.881337138896 -15942.1783750264 322.057513425937 171.095804196879
-266.322246229805 0 -25.5141672496506 0.650801872772248 -19.0144609720876 3.79446324986947 0 0 3.98441470453715
-1285141062.98732 9486311.84369984 -6592.5571340762 -19.0144609720876 5611044.4086015 41769.2052152496 12182711.2893994 -69659.7187376824 -71114.9937916468
160884410.096218 -698102.550456727 123.881337138896 3.79446324986947 41769.2052152496 31252.0696415271 75228.1838918768 2346.66310570311 2322.98681888984
-2809089506.15746 20689722.3885826 -15942.1783750264 0 12182711.2893994 75228.1838918768 26463094.4475776 -151649.585686591 -154527.030990693
150767466.963388 -718506.491521727 322.057513425937 0 -69659.7187376824 2346.66310570311 -151649.585686591 3051.88728001287 3101.58137012672
152846661.960473 -729405.358411384 171.095804196879 3.98441470453715 -71114.9937916468 2322.98681888984 -154527.030990693 3101.58137012672 3261.17930684591
        
9067817715555.43 -9139184933.35825 -86421.1395646054 -6.78119343758713 -79696689.5720593 156431138.273481 -838545531.27314 24417623.9692241 24301760.3028562
-9139184933.35825 10325993.2122467 91.7665357695056 0 146481.421980195 -256227.462787667 1545634.58053561 -30720.7585260855 -30569.8077397803
-86421.1395646054 91.7665357695056 8.28010438600479 -0.119315533224078 -4.33946514590617 -13.8439955304628 11.1367896121089 -0.257656561387024 -0.217353026197151
-6.78119343758713 0 -0.119315533224078 0.0017328793644057 0.0687254913193502 0.0703863596954094 0 0 -0.000566385230438175
-79696689.5720593 146481.421980195 -4.33946514590617 0.0687254913193502 27819.4006081248 -33809.2988110638 289313.680242129 -824.383157935011 -819.504597126616
156431138.273481 -256227.462787667 -13.8439955304628 0.0703863596954094 -33809.2988110638 90499.4191755004 -402618.772737008 1298.07888807807 1294.37042743903
-838545531.27314 1545634.58053561 11.1367896121089 0 289313.680242129 -402618.772737008 3062136.71725175 -8712.93356889624 -8665.24866663735
24417623.9692241 -30720.7585260855 -0.257656561387024 0 -824.383157935011 1298.07888807807 -8712.93356889624 103.416540965471 102.892470220832
24301760.3028562 -30569.8077397803 -0.217353026197151 -0.000566385230438175 -819.504597126616 1294.37042743903 -8665.24866663735 102.892470220832 102.389731357499
        
378296390.753632 -1555733.06556579 0.920997098312905 -0.0539739245334598 316994.635549132 1422729.89692708 -5472367.2583134 13059.4338007575 13059.8599019464
-1555733.06556579 6966.09767309997 0.00315079001995457 0 -1972.81039091421 -8819.60774807255 33955.2511793037 -63.7668572366335 -63.7689389407038
0.920997098312905 0.00315079001995457 0.00442143083717658 -0.000152667612395114 -0.0176927288545887 -0.0138081380658233 0.022405334619715 -3.19414784747778e-05 -3.1507578408533e-05
-0.0539739245334598 0 -0.000152667612395114 5.27167928690135e-06 0.000528992900464103 0.000526436544981234 0 0 -1.50187971183959e-08
316994.635549132 -1972.81039091421 -0.0176927288545887 0.000528992900464103 1940.1999025116 7695.73077281555 -31734.1165573081 26.0425765864739 26.043575235985
1422729.89692708 -8819.60774807255 -0.0138081380658233 0.000526436544981234 7695.73077281555 39827.7838623699 -140757.654017573 116.039071978113 116.041966465098
-5472367.2583134 33955.2511793037 0.022405334619715 0 -31734.1165573081 -140757.654017573 542892.473004835 -447.09486484155 -447.109500219174
13059.4338007575 -63.7668572366335 -3.19414784747778e-05 0 26.0425765864739 116.039071978113 -447.09486484155 0.64341853484734 0.643439558234246
13059.8599019464 -63.7689389407038 -3.1507578408533e-05 -1.50187971183959e-08 26.043575235985 116.041966465098 -447.109500219174 0.643439558234246 0.643460587250081
        
351295026118925 -280195438424.776 3608957.36473959 -228.797158185733 -4310383243.20883 -1030281451.62582 -10609674568.4897 586892503.284912 586354753.740984
-280195438424.776 258512820.644992 -3688.43748089887 0 7397617.82306922 923557.826256734 17755129.2709454 -617766.656881573 -617063.841548041
3608957.36473959 -3688.43748089887 92.0236356075381 -4.12149306534277 -311.130657209907 -33.1293691127959 -490.742332592917 9.93425565820237 8.89669369320258
-228.797158185733 0 -4.12149306534277 0.185200115958483 4.71934353256363 0.633270594080673 0 0 0.0460416250997747
-4310383243.20883 7397617.82306922 -311.130657209907 4.71934353256363 4397274.96035404 -106945.864502066 10312803.2681868 -38043.2351699568 -37977.9176545087
-1030281451.62582 923557.826256734 -33.1293691127959 0.633270594080673 -106945.864502066 110713.98627142 -196876.625038619 -1834.07700476744 -1837.93246727534
-10609674568.4897 17755129.2709454 -490.742332592917 0 10312803.2681868 -196876.625038619 24215925.2518017 -90153.0581217829 -90003.6400994618
586892503.284912 -617766.656881573 9.93425565820237 0 -38043.2351699568 -1834.07700476744 -90153.0581217829 1706.97131912425 1704.74800270016
586354753.740984 -617063.841548041 8.89669369320258 0.0460416250997747 -37977.9176545087 -1837.93246727534 -90003.6400994618 1704.74800270016 1702.58753428093
        
42471617887914.9 -24074849994.8023 -434144.452178755 -5.87850717510462 113173434.923111 41817749.25595 -729353747.434487 44724918.4875662 -36751380.7073195
-24074849994.8023 15445364.2729365 1127.89974413596 0 -113456.730879725 -84380.5437354308 760839.561920639 -31963.9571688208 26144.2788994644
-434144.452178755 1127.89974413596 37.1840917828033 0.212838422902606 -57.7171180178278 -134.270510495837 349.629768607186 -4.22303292366838 1.37086756447532
-5.87850717510462 0 0.212838422902606 0.00223902213099873 -0.193452645456864 0.00166754364764425 0 0 -0.0219382755767721
113173434.923111 -113456.730879725 -57.7171180178278 -0.193452645456864 14573.7452788518 16632.1963377044 -100724.781490371 436.365000289007 -349.572390422634
41817749.25595 -84380.5437354308 -134.270510495837 0.00166754364764425 16632.1963377044 41511.3529928714 -138278.857670673 455.112713214793 -436.185251764756
-729353747.434487 760839.561920639 349.629768607186 0 -100724.781490371 -138278.857670673 721040.967199425 -3019.40165862918 2514.8888996813
44724918.4875662 -31963.9571688208 -4.22303292366838 0 436.365000289007 455.112713214793 -3019.40165862918 74.2237424689714 -60.7475282082307
-36751380.7073195 26144.2788994644 1.37086756447532 -0.0219382755767721 -349.572390422634 -436.185251764756 2514.8888996813 -60.7475282082307 64.8837103429687
        
317948841706781 -173731223313.436 -146594.76333488 -44.3506804622955 -1151343881.08229 9952822.43948338 -3553428596.9921 292286958.722578 -292387603.984432
-173731223313.436 141014268.423478 116.690543239535 0 2639600.05896075 -88988.1318796776 6986668.62774718 -308369.345737939 308487.946649618
-146594.76333488 116.690543239535 18.0067117768699 0.602732824980085 24.3770549342988 6.78258216860278 -1.17060357175822 -0.203347553182927 0.194804494060258
-44.3506804622955 0 0.602732824980085 0.0201827480272433 0.846184061652372 0.159195009533338 0 0 -0.000288828440493158
-1151343881.08229 2639600.05896075 24.3770549342988 0.846184061652372 1340198.05082747 -104082.718844324 3315843.10573826 -14332.4722829457 14338.7075269415
9952822.43948338 -88988.1318796776 6.78258216860278 0.159195009533338 -104082.718844324 58005.7363668609 -247259.001903897 813.495931114084 -813.923245984451
-3553428596.9921 6986668.62774718 -1.17060357175822 0 3315843.10573826 -247259.001903897 8210824.10858504 -36235.0794404808 36250.6899828016
