16414359104977.3 -12810850714.0368 4838020.30048141 -6.0083415291356 45622639.1710925 -6169578.79102002 -468404769.394903 26528064.5270978 21608956.5653709
-12810850714.0368 11929141.0936317 -4481.21478974501 0 -82760.5386774369 -43946.5968805265 818166.472801575 -28596.8607772898 -21502.4865861281
4838020.30048141 -4481.21478974501 36.0936839220503 -0.196119622224557 50.019360868389 14.7470553638137 -338.235206590191 10.5524675112359 3.00130687621393
-6.0083415291356 0 -0.196119622224557 0.00235028847865558 -0.176836524314346 -0.0436799931979894 0 0 0.0549173434820097
45622639.1710925 -82760.5386774369 50.019360868389 -0.176836524314346 11520.4389620921 12319.1453398165 -113858.838582267 428.905307465033 282.369818383676
-6169578.79102002 -43946.5968805265 14.7470553638137 -0.0436799931979894 12319.1453398165 13400.4328609331 -121843.932551106 366.466204331402 227.595963180763
-468404769.394903 818166.472801575 -338.235206590191 0 -113858.838582267 -121843.932551106 1126788.53870706 -4221.93174872572 -2836.64218184258
26528064.5270978 -28596.8607772898 10.5524675112359 0 428.905307465033 366.466204331402 -4221.93174872572 79.7583371641159 57.320968014428
21608956.5653709 -21502.4865861281 3.00130687621393 0.0549173434820097 282.369818383676 227.595963180763 -2836.64218184258 57.320968014428 59.3282048763336
        
25912398726275.3 -12652803448.0929 41698.9541911231 -1.43288911080824 -202129127.543948 -9605130.93197339 -473427917.755494 23775829.623172 23884941.6332918
-12652803448.0929 7045369.43049189 -41.422574333918 0 194559.204509269 -11374.9946671201 462939.228488564 -14938.3006925003 -15005.4730088476
41698.9541911231 -41.422574333918 2.71096278982426 -0.0235770453477113 -6.74514524430601 1.024931688667 -9.89872195528142 0.126164643338905 0.109748624319026
-1.43288911080824 0 -0.0235770453477113 0.000205893046663843 0.023622655822036 -0.00280689483671026 0 0 0.000148233394351083
-202129127.543948 194559.204509269 -6.74514524430601 0.023622655822036 115662.281125988 -21557.3454609907 280337.759363231 -861.272137955977 -864.963602182475
-9605130.93197339 -11374.9946671201 1.024931688667 -0.00280689483671026 -21557.3454609907 4115.14230112431 -52290.3356155637 111.404612868669 111.848366317732
-473427917.755494 462939.228488564 -9.89872195528142 0 280337.759363231 -52290.3356155637 679521.900533711 -2072.06255675443 -2080.92760856228
23775829.623172 -14938.3006925003 0.126164643338905 0 -861.272137955977 111.404612868669 -2072.06255675443 36.2885642501996 36.4491629674053
23884941.6332918 -15005.4730088476 0.109748624319026 0.000148233394351083 -864.963602182475 111.848366317732 -2080.92760856228 36.4491629674053 36.6131800592298
        
51719066922434.3 -32293979482.0236 114352.961058313 -13.0977361019158 12373692.3632121 98267667.0560988 -336475320.612161 44849308.9565599 -44835474.7186105
-32293979482.0236 53068504.4969642 -712.372943532724 0 -86815.8682713846 -1192957.76502735 2991144.30344668 -146583.357243996 146427.307767274
114352.961058313 -712.372943532724 21.3642309219842 0.595390561772276 3.81631727529414 79.6449104799006 -132.908595076228 3.09866151054253 -2.86844119915144
-13.0977361019158 0 0.595390561772276 0.016614394733282 0.0431559189652606 0.640766526925574 0 0 0.00630533675031838
12373692.3632121 -86815.8682713846 3.81631727529414 0.0431559189652606 765.178605331943 19093.1660310235 -44438.5160887877 470.877124885736 -470.336849534467
98267667.0560988 -1192957.76502735 79.6449104799006 0.640766526925574 19093.1660310235 681674.065116584 -1576113.7519297 10169.8588008542 -10152.9558181697
-336475320.612161 2991144.30344668 -132.908595076228 0 -44438.5160887877 -1576113.7519297 3646196.05771168 -24156.0298458167 24116.8017854974
44849308.9565599 -146583.357243996 3.09866151054253 0 470.877124885736 10169.8588008542 -24156.0298458167 574.083550193648 -573.293685085292
-44835474.7186105 146427.307767274 -2.86844119915144 0.00630533675031838 -470.336849534467 -10152.9558181697 24116.8017854974 -573.293685085292 572.508901087055
        
1316811944901.42 -1262138081.30388 -625117.088531904 -0.194505433242869 -3088857.02366817 19305865.165948 -49524027.8750616 2781601.60988653 1505264.48683142
-1262138081.30388 1323319.9931182 658.58018802953 0 3979.2872743521 -32237.7845738374 79461.0798584522 -3176.49803735807 -1791.10668592215
-625117.088531904 658.58018802953 7.22788597219523 -0.0122321261347024 3.29431960045556 -18.8566275748398 50.2291201145331 -1.60756153132031 -0.266841103168258
-0.194505433242869 0 -0.0122321261347024 9.8308056957337e-05 -0.0180148180815638 -0.012296396718371 0 0 -0.00540298203979082
-3088857.02366817 3979.2872743521 3.29431960045556 -0.0180148180815638 138.124854419642 -1418.21780281103 3280.88871369757 -15.4946233235864 -4.48534244265571
19305865.165948 -32237.7845738374 -18.8566275748398 -0.012296396718371 -1418.21780281103 15643.3210124377 -36107.8991182604 151.252875508846 96.0858733527682
-49524027.8750616 79461.0798584522 50.2291201145331 0 3280.88871369757 -36107.8991182604 83376.2540152077 -360.729903876455 -230.371733896168
2781601.60988653 -3176.49803735807 -1.60756153132031 0 -15.4946233235864 151.252875508846 -360.729903876455 8.46297732539336 4.94395410882239
1505264.48683142 -1791.10668592215 -0.266841103168258 -0.00540298203979082 -4.48534244265571 96.0858733527682 -230.371733896168 4.94395410882239 8.43686023826838
        
247427035759.189 -2305165568.603 1069839.32943822 -80.2539738979652 -18721543.5762933 184644619.592405 -505998255.197949 12221537.0231909 -11442056.9147587
-2305165568.603 24082915.4088701 -12511.5385477588 0 297053.124305489 -3121033.46890932 8579566.84750023 -143645.091509452 134367.723115265
1069839.32943822 -12511.5385477588 237.767365018979 6.35279199630314 -347.476750139916 2597.16048977559 -7687.07337381637 85.1990718382206 -47.083861996794
-80.2539738979652 0 6.35279199630314 0.194953717028211 -2.96040535785844 -4.69331946042898 0 0 0.99904896118917
-18721543.5762933 297053.124305489 -347.476750139916 -2.96040535785844 18697.6112471806 -217970.711847671 603396.8643093 -2952.35442835251 2762.26680639939
184644619.592405 -3121033.46890932 2597.16048977559 -4.69331946042898 -217970.711847671 2560859.52839853 -7086067.14367725 32672.7790832222 -30502.4912536274
-505998255.197949 8579566.84750023 -7687.07337381637 0 603396.8643093 -7086067.14367725 19609935.2435697 -90082.9763802046 84087.2715178881
12221537.0231909 -143645.091509452 85.1990718382206 0 -2952.35442835251 32672.7790832222 -90082.9763802046 984.827366384277 -920.558060244708
-11442056.9147587 134367.723115265 -47.083861996794 0.99904896118917 2762.26680639939 -30502.4912536274 84087.2715178881 -920.558060244708 881.844755903252
        
521107640697.226 -1605050691.4477 -2545.64792091021 -6.54693913665245 25109756.5319344 30553165.3576696 -238441258.29918 6079658.60761195 6078223.40676024
-1605050691.4477 5534579.01056078 10.4829605283652 0 -141915.488526567 -160124.644403847 1334665.58890429 -23431.7898510482 -23426.1423591401
-2545.64792091021 10.4829605283652 2.13016509070747 -0.0913111361345472 -6.07281533812639 -2.53262794844909 4.67313007127962 -0.0508474337038851 -0.0489438082898579
-6.54693913665245 0 -0.0913111361345472 0.00391544932074115 0.238951848289317 0.0855343198099292 0 0 -8.10937486289521e-05
25109756.5319344 -141915.488526567 -6.07281533812639 0.238951848289317 35682.1124727312 33972.6977757311 -322384.100158274 1116.66762142708 1116.39216253175
30553165.3576696 -160124.644403847 -2.53262794844909 0.0855343198099292 33972.6977757311 32537.8017955611 -307751.452823911 1170.11813306972 1169.81669676306
-238441258.29918 1334665.58890429 4.67313007127962 0 -322384.100158274 -307751.452823911 2918407.23111749 -10343.3455769251 -10340.7273896785
6079658.60761195 -23431.7898510482 -0.0508474337038851 0 1116.66762142708 1170.11813306972 -10343.3455769251 113.104732263412 113.077016304203
6078223.40676024 -23426.1423591401 -0.0489438082898579 -8.10937486289521e-05 1116.39216253175 1169.81669676306 -10340.7273896785 113.077016304203 113.049360240005
        
6434959825868.45 -5130161061.34754 -4530148.37539093 -2.36215866924582 58966756.585222 -26376453.3414599 -216058481.759774 11016782.7384864 -8171269.48875968
-5130161061.34754 4573569.68151493 4776.11066480413 0 -88646.6964336446 27970.7917025158 317356.745248612 -10901.7391067122 8879.2800593818
-4530148.37539093 4776.11066480413 30.6912812289469 0.130095324680787 -211.654529877726 42.6606939085212 711.688416713096 -13.2942951653162 3.13926428471058
-2.36215866924582 0 0.130095324680787 0.00133926868536859 -0.140810770233933 -0.0331167718786638 0 0 -0.0872423095194286
58966756.585222 -88646.6964336446 -211.654529877726 -0.140810770233933 33911.0210835593 -5487.73040075605 -118107.151697849 428.798595917588 -427.510635481843
-26376453.3414599 27970.7917025158 42.6606939085212 -0.0331167718786638 -5487.73040075605 939.663924644655 19162.1775118253 -98.3718693831586 95.0869096649089
-216058481.759774 317356.745248612 711.688416713096 0 -118107.151697849 19162.1775118253 411595.87710004 -1512.44229609817 1523.58964046456
11016782.7384864 -10901.7391067122 -13.2942951653162 0 428.798595917588 -98.3718693831586 -1512.44229609817 29.3647491467908 -25.6530569984145
-8171269.48875968 8879.2800593818 3.13926428471058 -0.0872423095194286 -427.510635481843 95.0869096649089 1523.58964046456 -25.6530569984145 39.4577693581629
        
19772248499.8418 -534736127.259731 -1538.11239339881 -39.8719253886413 2171968.11958431 -23981315.3782849 -181307263.021785 4007937.0328501 -4007951.25501144
-534736127.259731 16549482.7690335 39.8227861814787 0 -105924.996855988 1285816.01637068 9633238.20628388 -143192.965217531 143193.494561178
-1538.11239339881 39.8227861814787 9.69049024080087 0.912777285829593 -32.0674099749223 21.2726712659557 40.1322328484703 -0.405138046225935 0.399787506790747
-39.8719253886413 0 0.912777285829593 0.0859811598580346 -2.98136400391015 1.49122454746023 0 0 -0.000504149444911996
2171968.11958431 -105924.996855988 -32.0674099749223 -2.98136400391015 2634.86084136164 -35017.8006634191 -258740.116520788 1494.69141930509 -1494.68282430284
-23981315.3782849 1285816.01637068 21.2726712659557 1.49122454746023 -35017.8006634191 487237.418566254 3596610.48274222 -19392.0796552199 19392.092260046
-181307263.021785 9633238.20628388 40.1322328484703 0 -258740.116520788 3596610.48274222 26584967.3843984 -144331.48546591 144332.032139693
4007937.0328501 -143192.965217531 -0.405138046225935 0 1494.69141930509 -19392.0796552199 -144331.48546591 1456.92768690621 -1456.93314817164
-4007951.25501144 143193.494561178 0.399787506790747 -0.000504149444911996 -1494.68282430284 19392.092260046 144332.032139693 -1456.93314817164 1456.93862081509
        
404705497557.116 -646441894.254908 -115052.230481282 -0.377247289767646 1976161.42014728 19340572.8814418 -41527276.3491076 1766323.80488919 -1804270.07540368
-646441894.254908 1149698.80394897 242.526570553142 0 -7142.7479243855 -53762.2914000751 120272.533073419 -3485.05847792024 3547.12786895042
-115052.230481282 242.526570553142 2.35307412362523 0.018410362472055 -7.11239530339356 -23.657353715951 55.8368415213585 -0.872063662330445 0.615899387418285
-0.377247289767646 0 0.018410362472055 0.000149109129244049 -0.0243420734836158 0.000870132405876523 0 0 -0.00217938007813213
1976161.42014728 -7142.7479243855 -7.11239530339356 -0.0243420734836158 918.931371941035 5199.66467276795 -12505.0926045546 46.8960479145589 -47.065905827925
19340572.8814418 -53762.2914000751 -23.657353715951 0.000870132405876523 5199.66467276795 30296.6654702891 -72720.7294867218 304.286701526539 -307.199572717336
-41527276.3491076 120272.533073419 55.8368415213585 0 -12505.0926045546 -72720.7294867218 174726.042869072 -704.934523618196 710.882143399061
1766323.80488919 -3485.05847792024 -0.872063662330445 0 46.8960479145589 304.286701526539 -704.934523618196 11.9659997533005 -12.1433047018805
-1804270.07540368 3547.12786895042 0.615899387418285 -0.00217938007813213 -47.065905827925 -307.199572717336 710.882143399061 -12.1433047018805 12.3633151896909
        
124726886162.639 -1154505104.01952 -188642.214559927 -3.93591473794878 29381686.2638575 -4685149.55819988 -70168104.6703954 4568194.20352367 4452977.31780725
-1154505104.01952 12735379.357956 2508.84247590599 0 -621302.975161889 62607.7494706581 1492024.63327364 -59286.4595017271 -57736.7567893589
-188642.214559927 2508.84247590599 57.2744433095102 -0.472511533315481 -194.186777400226 11.337057128185 637.946147923352 -14.2055598278789 -9.56859266148056
-3.93591473794878 0 -0.472511533315481 0.00411219404996041 -0.6402604831445 0.0395367020837985 0 0 -0.0370635619724006
29381686.2638575 -621302.975161889 -194.186777400226 -0.6402604831445 309557.381335564 -8158.81851470652 -742071.353358872 5976.22965870287 5815.96854809031
-4685149.55819988 62607.7494706581 11.337057128185 0.0395367020837985 -8158.81851470652 421.851726702219 19586.6520250463 -367.368213831952 -359.201703985988
-70168104.6703954 1492024.63327364 637.946147923352 0 -742071.353358872 19586.6520250463 1779659.25761776 -14356.8769401002 -13968.4795844804
4568194.20352367 -59286.4595017271 -14.2055598278789 0 5976.22965870287 -367.368213831952 -14356.8769401002 330.00335550758 321.218022861423
4452977.31780725 -57736.7567893589 -9.56859266148056 -0.0370635619724006 5815.96854809031 -359.201703985988 -13968.4795844804 321.218022861423 314.294797721952
        
68004435321.9676 -315540139.750707 -3080.45105813317 -1.76570192352113 3310407.48705199 20999643.9388705 -51784032.9028082 1338919.69978514 1342322.1392791
-315540139.750707 1633717.48295618 18.7564467975323 0 -30208.4963727609 -174882.766356516 428954.347653712 -7734.81291191023 -7754.13386720768
-3080.45105813317 18.7564467975323 1.81359358990745 -0.045997562371886 -0.918012279781253 -9.32042262263242 9.41400138821525 -0.103540552021963 -0.0954128983004471
-1.76570192352113 0 -0.045997562371886 0.00116752755176498 0.00912906263109603 0.143342710805664 0 0 -0.000212775617863604
3310407.48705199 -30208.4963727609 -0.918012279781253 0.00912906263109603 6026.89205983971 30016.3120615012 -72857.547456044 274.84254408249 275.587066962493
20999643.9388705 -174882.766356516 -9.32042262263242 0.143342710805664 30016.3120615012 151567.409459679 -367866.222367524 1486.89162746103 1490.39657753344
-51784032.9028082 428954.347653712 9.41400138821525 0 -72857.547456044 -367866.222367524 893210.023233033 -3630.14998151368 -3638.87607301917
1338919.69978514 -7734.81291191023 -0.103540552021963 0 274.84254408249 1486.89162746103 -3630.14998151368 41.7003869429998 41.8031490792418
1342322.1392791 -7754.13386720768 -0.0954128983004471 -0.000212775617863604 275.587066962493 1490.39657753344 -3638.87607301917 41.8031490792418 41.9063769356757
        
1884347941403.16 -3645023247.84389 997950.838573061 -5.79242544388031 89108216.8679422 -120611.049802184 -229649805.56632 10329879.6476561 10028249.1522806
-3645023247.84389 7996779.42404151 -2568.25319842765 0 -331144.689243211 5664.70332231715 863203.663366696 -25524.982681348 -24972.3589618891
997950.838573061 -2568.25319842765 20.8236559531236 -0.287288003581545 204.321025467795 4.20452919873934 -593.310825494859 9.66868895021738 6.11449922949888
-5.79242544388031 0 -0.287288003581545 0.0042806011893897 0.327118996550877 -0.189455253222753 0 0 0.0506611183005865
89108216.8679422 -331144.689243211 204.321025467795 0.327118996550877 180203.283041248 -3907.91461987049 -480043.592534286 2085.25505139181 2074.94616118422
-120611.049802184 5664.70332231715 4.20452919873934 -0.189455253222753 -3907.91461987049 134.319257690365 10391.658471815 -46.4624431346083 -50.0416460189092
-229649805.56632 863203.663366696 -593.310825494859 0 -480043.592534286 10391.658471815 1279331.96575925 -5493.42871422794 -5465.93162380624
10329879.6476561 -25524.982681348 9.66868895021738 0 2085.25505139181 -46.4624431346083 -5493.42871422794 93.5600756704693 92.0686926741279
10028249.1522806 -24972.3589618891 6.11449922949888 0.0506611183005865 2074.94616118422 -50.0416460189092 -5465.93162380624 92.0686926741279 91.52676312214
        
2.0787346192471e+15 -182898445107.69 -142396.478814161 -8.2786064450865 -109249219.337407 169884453.789779 -1187673750.81556 117037145.624691 -119452473.941201
-182898445107.69 25632648.2851886 -1133.93453961748 0 116382.593770663 -223776.886805855 847710.498700975 -31788.2689636827 32875.280958788
-142396.478814161 -1133.93453961748 21.4383517084904 0.203270420247221 -39.5700769818032 82.4170758502258 -238.66838517622 3.42719316189237 -2.02018848591713
-8.2786064450865 0 0.203270420247221 0.00208750058754206 0.00785945974846518 0.101879260335481 0 0 0.0158900657700011
-109249219.337407 116382.593770663 -39.5700769818032 0.00785945974846518 48418.7924752844 -76879.0151349174 257130.802927611 -633.909332142605 663.448804850901
169884453.789779 -223776.886805855 82.4170758502258 0.101879260335481 -76879.0151349174 122570.928615025 -409766.488511128 1095.58432008666 -1144.42465268223
-1187673750.81556 847710.498700975 -238.66838517622 0 257130.802927611 -409766.488511128 1371057.38743431 -3783.95985764525 3954.31699261111
117037145.624691 -31788.2689636827 3.42719316189237 0 -633.909332142605 1095.58432008666 -3783.95985764525 63.3663309029097 -65.960207825216
-119452473.941201 32875.280958788 -2.02018848591713 0.0158900657700011 663.448804850901 -1144.42465268223 3954.31699261111 -65.960207825216 69.733618021741
        
23416414666846.7 -10074034746.5547 -405320.904080528 -1.57991410961077 87698347.9461315 71400346.6373955 -323812698.700798 17814256.638097 17429329.383332
-10074034746.5547 4862785.23575929 280.180249619794 0 -62072.6344145547 -65695.5279779619 268544.248524743 -9608.67780917301 -9458.13277974148
-405320.904080528 280.180249619794 2.68962721459529 -0.0413873393027584 -8.21306117793678 -12.4069253582798 38.7864517664311 -0.697130153953225 -0.532903469947754
-1.57991410961077 0 -0.0413873393027584 0.000651236763201278 -0.0013018536733711 0.0407507326053085 0 0 -0.00246530353357745
87698347.9461315 -62072.6344145547 -8.21306117793678 -0.0013018536733711 14115.6861629633 18319.7014479891 -71619.0765397209 235.090736801076 234.814415764717
71400346.6373955 -65695.5279779619 -12.4069253582798 0.0407507326053085 18319.7014479891 23941.5851063734 -93404.6540841277 286.612666471121 286.667600913362
-323812698.700798 268544.248524743 38.7864517664311 0 -71619.0765397209 -93404.6540841277 364797.695347773 -1126.53743444489 -1126.03408084167
17814256.638097 -9608.67780917301 -0.697130153953225 0 235.090736801076 286.612666471121 -1126.53743444489 21.6450612928776 21.4105825788441
17429329.383332 -9458.13277974148 -0.532903469947754 -0.00246530353357745 234.814415764717 286.667600913362 -1126.03408084167 21.4105825788441 21.203326706885
        
52534998333262.3 -49066327118.1744 3604065.49556017 -48.1503189891933 -851780143.553426 327638547.210363 -2697427633.03217 115259107.216857 -113550203.868786
-49066327118.1744 52475479.4790345 -4537.6682755139 0 1699142.52224867 -580031.880302727 5156221.91224418 -139912.671037676 138043.682238327
3604065.49556017 -4537.6682755139 65.6991311726845 1.35690989463035 -358.644304133846 129.515961692096 -995.497475325731 14.318139508756 -10.3449081712498
-48.1503189891933 0 1.35690989463035 0.0290256060310717 -0.466661339086338 0.487897190830647 0 0 0.0812202105370586
-851780143.553426 1699142.52224867 -358.644304133846 -0.466661339086338 1042966.3372215 -334156.70885602 3040706.68310784 -9723.050874649 9621.29969796736
327638547.210363 -580031.880302727 129.515961692096 0.487897190830647 -334156.70885602 107268.555375906 -974449.976875318 3159.75141409548 -3120.68273488899
-2697427633.03217 5156221.91224418 -995.497475325731 0 3040706.68310784 -974449.976875318 8865980.16523277 -28821.1937857451 28520.4415940195
115259107.216857 -139912.671037676 14.318139508756 0 -9723.050874649 3159.75141409548 -28821.1937857451 431.16516827233 -425.856493490175
-113550203.868786 138043.682238327 -10.3449081712498 0.0812202105370586 9621.29969796736 -3120.68273488899 28520.4415940195 -425.856493490175 421.695983786909
        
428378731606.528 -989107482.291412 -359280.730128627 -1.68808362972104 982065.597911673 29921824.0267486 -80324231.7403185 3078334.4140848 1214589.52635103
-989107482.291412 2590737.77525232 910.788318451861 0 -5583.72971867688 -130025.214049994 357964.96698956 -9089.53544968181 -3542.86968809587
-359280.730128627 910.788318451861 16.5786856842768 -0.0432489823917709 -5.95604411224848 -68.099213889226 162.273983222609 -3.22821748690697 -0.445546374390657
-1.68808362972104 0 -0.0432489823917709 0.000811173037520083 0.0803048750517567 0.0964680437826079 0 0 -0.0150450239821393
982065.597911673 -5583.72971867688 -5.95604411224848 0.0803048750517567 255.605749974294 4260.16383277259 -12060.6290370912 44.1354050919588 12.1355401908345
29921824.0267486 -130025.214049994 -68.099213889226 0.0964680437826079 4260.16383277259 73734.2033227068 -208951.4914712 874.867867735532 334.303718453941
-80324231.7403185 357964.96698956 162.273983222609 0 -12060.6290370912 -208951.4914712 592348.558776693 -2447.59870591621 -932.33452627203
3078334.4140848 -9089.53544968181 -3.22821748690697 0 44.1354050919588 874.867867735532 -2447.59870591621 36.6353930492795 14.1594628693906
1214589.52635103 -3542.86968809587 -0.445546374390657 -0.0150450239821393 12.1355401908345 334.303718453941 -932.33452627203 14.1594628693906 19.4735096132022
        
29392697756077.5 -22098120538.5347 -3443497.48697937 -19.3605393095224 -71820781.97971 -381938778.4503 -1036029381.9736 47891846.320484 -43395320.3587058
-22098120538.5347 19951451.2079184 3631.7212734041 0 165142.767779657 641295.814296777 1781240.36407729 -50322.2415815625 44989.8642663304
-3443497.48697937 3631.7212734041 39.7353839706849 0.541824825821772 70.2678335270511 294.963439699583 763.398832037767 -10.9854982469413 5.32132036825029
-19.3605393095224 0 0.541824825821772 0.00920649620490183 -0.280955901969552 0.48766253307778 0 0 -0.075709685976541
-71820781.97971 165142.767779657 70.2678335270511 -0.280955901969552 38473.8547194344 120356.613269526 337589.878079123 -1012.17682592251 897.710523816633
-381938778.4503 641295.814296777 294.963439699583 0.48766253307778 120356.613269526 377878.464013355 1059295.09463962 -3444.99706719734 3050.7235657098
-1036029381.9736 1781240.36407729 763.398832037767 0 337589.878079123 1059295.09463962 2970112.52676498 -9649.6652583389 8561.69361681449
47891846.320484 -50322.2415815625 -10.9854982469413 0 -1012.17682592251 -3444.99706719734 -9649.6652583389 148.353437145043 -132.033575606255
-43395320.3587058 44989.8642663304 5.32132036825029 -0.075709685976541 897.710523816633 3050.7235657098 8561.69361681449 -132.033575606255 123.515309404428
        
1955108275120.33 -2291759260.10194 -697378.320662946 -2.32934860082674 70400129.8177936 7498226.19850311 -143798337.74669 5822983.51459188 6606345.22488918
-2291759260.10194 3042020.11301277 921.164716249498 0 -157270.038913127 -13562.2228349763 325836.355546319 -8686.22373692689 -9991.978981153
-697378.320662946 921.164716249498 18.3372630316514 -0.143652447179196 -74.940667997313 -0.189814237394009 136.183796014505 -2.70122695621226 -1.32030969747194
-2.32934860082674 0 -0.143652447179196 0.0012234959464925 0.106941185582161 -0.0331071564627663 0 0 -0.0154743064406615
70400129.8177936 -157270.038913127 -74.940667997313 0.106941185582161 118157.255514757 4735.88856086969 -250369.780267434 887.49582420613 1050.01177454278
7498226.19850311 -13562.2228349763 -0.189814237394009 -0.0331071564627663 4735.88856086969 216.050271928082 -10015.6360800267 57.8478167482061 68.9593523185822
-143798337.74669 325836.355546319 136.183796014505 0 -250369.780267434 -10015.6360800267 530672.430136254 -1859.85798669444 -2197.52081645395
5822983.51459188 -8686.22373692689 -2.70122695621226 0 887.49582420613 57.8478167482061 -1859.85798669444 28.3752592172397 32.9546651694272
6606345.22488918 -9991.978981153 -1.32030969747194 -0.0154743064406615 1050.01177454278 68.9593523185822 -2197.52081645395 32.9546651694272 39.3925587600058
        
3106095041054.44 -5514197853.98671 290298.808591176 -9.0762311123382 -31373708.3140819 170803420.416753 -382699576.05978 15658051.1614374 14271342.9982684
-5514197853.98671 11190494.2645026 -694.583545632988 0 108965.850621884 -584224.682523117 1357339.55044404 -36019.0298403634 -32824.6117942864
290298.808591176 -694.583545632988 27.3173681215937 -0.358444779987897 -32.3752625369874 51.0876157610158 -191.067435936207 2.68133602406615 1.49652943391637
-9.0762311123382 0 -0.358444779987897 0.00530137638855602 0.278422157342494 0.339975594324546 0 0 0.0140045414623423
-31373708.3140819 108965.850621884 -32.3752625369874 0.278422157342494 12776.8262226217 -69395.6181916568 169034.894439377 -686.04612887488 -627.3225285799
170803420.416753 -584224.682523117 51.0876157610158 0.339975594324546 -69395.6181916568 377920.321535111 -920191.027388405 3685.27353811108 3358.06268621595
-382699576.05978 1357339.55044404 -191.067435936207 0 169034.894439377 -920191.027388405 2241262.0060459 -8778.51367943235 -7999.68724039352
15658051.1614374 -36019.0298403634 2.68133602406615 0 -686.04612887488 3685.27353811108 -8778.51367943235 133.798967877602 121.927228073044
14271342.9982684 -32824.6117942864 1.49652943391637 0.0140045414623423 -627.3225285799 3358.06268621595 -7999.68724039352 121.927228073044 113.230540616026
        
62216576680.1136 -122624383.074182 212458.384695723 -0.263064885702923 8420466.71982589 139874.98692863 -20466663.359948 432092.979870369 380703.746247346
-122624383.074182 269417.400976253 -521.797817474692 0 -29376.9631827338 -872.654983272056 71419.5047177188 -1054.86676012365 -933.617013358216
212458.384695723 -521.797817474692 5.6920781875131 -0.0135954409118975 104.401380546239 5.99634808818438 -252.543392106046 2.32141179378384 0.50688067806252
-0.263064885702923 0 -0.0135954409118975 8.40232728501298e-05 -0.0041202427126385 -0.0102927020169129 0 0 0.00960851348276005
8420466.71982589 -29376.9631827338 104.401380546239 -0.0041202427126385 29836.980673689 1651.04603197961 -72828.3236954031 206.807018059834 185.874408410119
139874.98692863 -872.654983272056 5.99634808818438 -0.0102927020169129 1651.04603197961 97.5528865830965 -4033.94482357375 8.55541693288251 4.27616585250961
-20466663.359948 71419.5047177188 -252.543392106046 0 -72828.3236954031 -4033.94482357375 177774.229678419 -503.464294279644 -450.019392882245
432092.979870369 -1054.86676012365 2.32141179378384 0 206.807018059834 8.55541693288251 -503.464294279644 4.67063493871961 4.14788366265779
380703.746247346 -933.617013358216 0.50688067806252 0.00960851348276005 185.874408410119 4.27616585250961 -450.019392882245 4.14788366265779 7.00939945553275
        
1362224031265.29 -8804359898.01086 -2278886.27172243 -70.6613786060064 30753997.1720206 51492384.945032 -232565393.398014 26611889.6084682 26123225.4524507
-8804359898.01086 100850255.231183 47558.2413484751 0 -1726059.38224614 -2396665.40611854 10097432.3033793 -468978.297312919 -446667.1081642
-2278886.27172243 47558.2413484751 729.31821542462 -14.7208629646856 -2777.31624742349 -3442.63145748724 12505.7924008516 -305.267158635391 -170.026346311065
-70.6613786060064 0 -14.7208629646856 0.339988245854199 10.8680150244648 11.2678796858214 0 0 -2.69104406015928
30753997.1720206 -1726059.38224614 -2777.31624742349 10.8680150244648 466659.455967847 596276.899263302 -2490902.36892115 22968.6785461388 21289.8677506804
51492384.945032 -2396665.40611854 -3442.63145748724 11.2678796858214 596276.899263302 762797.209132666 -3185760.1214147 30218.1119986586 28067.7108069632
-232565393.398014 10097432.3033793 12505.7924008516 0 -2490902.36892115 -3185760.1214147 13319139.40074 -126715.957244712 -117722.131241493
26611889.6084682 -468978.297312919 -305.267158635391 0 22968.6785461388 30218.1119986586 -126715.957244712 3017.81029712499 2832.7127575005
26123225.4524507 -446667.1081642 -170.026346311065 -2.69104406015928 21289.8677506804 28067.7108069632 -117722.131241493 2832.7127575005 2722.380906512
        
2216703595374.22 -4187950158.63936 15759.2903498307 -3.54887610426339 -89774042.6404882 -79002063.4949807 -315743492.69543 12274418.4773573 12258978.9823282
-4187950158.63936 8964805.16608125 -34.6457614973144 0 333062.678022733 271682.385306331 1158931.31987621 -29610.1937896458 -29572.8122229516
15759.2903498307 -34.6457614973144 3.95666929207479 -0.065741216213946 -4.45786401066968 -6.19348229959992 -7.36688297344092 0.123585167433765 0.114893864222015
-3.54887610426339 0 -0.065741216213946 0.00109355663374653 0.0408777177600545 0.0734486162036799 0 0 0.000141971112445012
-89774042.6404882 333062.678022733 -4.45786401066968 0.0408777177600545 162665.219820704 120186.896835592 565111.800844564 -2189.33694631227 -2186.53882995585
-79002063.4949807 271682.385306331 -6.19348229959992 0.0734486162036799 120186.896835592 88916.2407056514 417600.844439037 -1694.74381496285 -1692.59691277194
-315743492.69543 1158931.31987621 -7.36688297344092 0 565111.800844564 417600.844439037 1963407.74501948 -7596.03813921932 -7586.37575747018
12274418.4773573 -29610.1937896458 0.123585167433765 0 -2189.33694631227 -1694.74381496285 -7596.03813921932 112.454388844321 112.312036481526
12258978.9823282 -29572.8122229516 0.114893864222015 0.000141971112445012 -2186.53882995585 -1692.59691277194 -7586.37575747018 112.312036481526 112.170476667265
        
11691845566484.6 -5192838045.0826 -2480742.63685747 -1.29753704427019 38774830.1941735 7853140.68486477 -134560431.325233 8750131.78276251 -1377337.25903936
-5192838045.0826 2916629.93832238 1482.09834681278 0 -36922.7186648498 -15834.7974516159 167120.402483395 -6003.76193424997 906.663188004036
-2480742.63685747 1482.09834681278 20.8224873471422 0.0102387674720599 -45.7967652781776 -29.6399553355261 269.919842197427 -3.85529391442443 0.116536729053813
-1.29753704427019 0 0.0102387674720599 0.000536768645651489 0.0456702230344561 -0.0212297106957148 0 0 -0.0231235805725899
38774830.1941735 -36922.7186648498 -45.7967652781776 0.0456702230344561 6913.36558093542 4660.01151569777 -40750.3783212204 153.142313728625 -39.1111054066635
7853140.68486477 -15834.7974516159 -29.6399553355261 -0.0212297106957148 4660.01151569777 3235.86709861545 -27864.6473928999 87.8917530182273 10.4648054162257
-134560431.325233 167120.402483395 269.919842197427 0 -40750.3783212204 -27864.6473928999 242120.12332122 -813.568859757025 109.524913570892
8750131.78276251 -6003.76193424997 -3.85529391442443 0 153.142313728625 87.8917530182273 -813.568859757025 14.907161468852 -2.15611479419436
-1377337.25903936 906.663188004036 0.116536729053813 -0.0231235805725899 -39.1111054066635 10.4648054162257 109.524913570892 -2.15611479419436 20.9201894887516
        
4592604154.52441 -186039621.037271 -107417.877440466 -12.3966800556895 -1461787.43582048 -19492059.3985343 -49252956.8907433 1448806.67395791 -1458321.48438099
-186039621.037271 8515971.72912061 5558.93931412291 0 97167.9212387034 1449397.52557802 3682225.59603954 -75504.697948294 75968.5726579239
-107417.877440466 5558.93931412291 185.638427184454 2.30135987868423 167.626936622848 1435.91656398501 4021.6821130893 -57.2045148343925 36.7966503601883
-12.3966800556895 0 2.30135987868423 0.030468416733207 1.0659697554702 -1.80025380206649 0 0 -0.274477733465752
-1461787.43582048 97167.9212387034 167.626936622848 1.0659697554702 3421.81616308363 59493.1346053049 152533.581421722 -1310.93810578728 1315.49205004401
-19492059.3985343 1449397.52557802 1435.91656398501 -1.80025380206649 59493.1346053049 1070972.53737643 2742998.36781872 -21330.9670586738 21434.4405089885
-49252956.8907433 3682225.59603954 4021.6821130893 0 152533.581421722 2742998.36781872 7026737.17508395 -54408.3273840445 54668.5314965077
1448806.67395791 -75504.697948294 -57.2045148343925 0 -1310.93810578728 -21330.9670586738 -54408.3273840445 775.82978360343 -780.226203554787
-1458321.48438099 75968.5726579239 36.7966503601883 -0.274477733465752 1315.49205004401 21434.4405089885 54668.5314965077 -780.226203554787 791.571325782285
        
6466187315046.43 -24105255006.2888 7719411.86053403 -151.918403043985 -716719578.383225 36421492.7445127 -1525664208.36905 78737314.5928982 81772530.1681915
-24105255006.2888 104083695.073958 -38870.6445270448 0 5720500.84492325 -33603.2017763074 12247600.4235031 -391696.465454098 -407167.796400282
7719411.86053403 -38870.6445270448 711.991516769035 -15.2417805581556 -4220.9020309779 -178.395710894679 -9925.61388632101 174.323461173799 92.6108273725262
-151.918403043985 0 -15.2417805581556 0.370759066862782 -10.9512723303594 1.48507320303916 0 0 2.15668609826246
-716719578.383225 5720500.84492325 -4220.9020309779 -10.9512723303594 4013257.21545109 211118.157788382 8614368.45841739 -45256.2589446002 -47090.3376455427
36421492.7445127 -33603.2017763074 -178.395710894679 1.48507320303916 211118.157788382 12398.4864825229 453388.138737633 -1147.80379050907 -1149.08546225663
-1525664208.36905 12247600.4235031 -9925.61388632101 0 8614368.45841739 453388.138737633 18492594.2227837 -97100.3638372044 -100955.642803663
78737314.5928982 -391696.465454098 174.323461173799 0 -45256.2589446002 -1147.80379050907 -97100.3638372044 1738.64724034675 1807.94446596324
81772530.1681915 -407167.796400282 92.6108273725262 2.15668609826246 -47090.3376455427 -1149.08546225663 -100955.642803663 1807.94446596324 1941.3058019629
        
6709807693706.28 -6782274062.22813 -1647.45283459657 -5.11352964749963 -64234242.4739742 73292837.1742732 -630494304.542133 18173568.4203639 18042251.5491437
-6782274062.22813 7714393.62175338 -12.0734217685927 0 121132.787237389 -120058.077187575 1195986.05837322 -23124.7911435049 -22957.8772805079
-1647.45283459657 -12.0734217685927 6.13544428881006 -0.0897654127050354 -4.85816203143209 -1.61272576570454 -13.2439911123233 0.0783983428588322 0.0661350014821353
-5.11352964749963 0 -0.0897654127050354 0.00132240138188539 0.0518517734826437 0.0287555046896354 0 0 0.000172336629997106
-64234242.4739742 121132.787237389 -4.85816203143209 0.0518517734826437 25419.0912988023 -20505.1111922958 253620.587592097 -700.072605535956 -695.041297594939
73292837.1742732 -120058.077187575 -1.61272576570454 0.0287555046896354 -20505.1111922958 16672.1345904729 -204580.236393033 624.273350828721 619.744716034146
-630494304.542133 1195986.05837322 -13.2439911123233 0 253620.587592097 -204580.236393033 2530743.24659296 -6946.8859104271 -6897.02966105303
18173568.4203639 -23124.7911435049 0.0783983428588322 0 -700.072605535956 624.273350828721 -6946.8859104271 78.9196175403982 78.3508348782938
18042251.5491437 -22957.8772805079 0.0661350014821353 0.000172336629997106 -695.041297594939 619.744716034146 -6897.02966105303 78.3508348782938 77.7982960745231
        
325953246.241796 -1340753.16977071 -0.0489534766892374 -0.0465650629879306 297268.242782693 1078773.2873486 -4718992.61482789 11256.8716653615 11257.363685391
-1340753.16977071 6005.42076224381 0.00683425999861968 0 -1849.947955134 -6695.2065093068 29302.4163323218 -54.9898841556052 -54.992285874413
-0.0489534766892374 0.00683425999861968 0.00382066534824579 -0.000131817911501229 -0.0178690571279345 -0.0223828486137376 0.0480170410039456 -6.90073136116504e-05 -6.80699030916233e-05
-0.0465650629879306 0 -0.000131817911501229 4.548056497143e-06 0.000511344041628088 0.000418999162348424 0 0 -3.2447052932671e-08
297268.242782693 -1849.947955134 -0.0178690571279345 0.000511344041628088 1886.96325951563 6791.21070557613 -29753.3784930729 24.4194395074777 24.4204983948308
1078773.2873486 -6695.2065093068 -0.0223828486137376 0.000418999162348424 6791.21070557613 24454.2726932729 -107092.378347367 88.1742975679174 88.178212297134
-4718992.61482789 29302.4163323218 0.0480170410039456 0 -29753.3784930729 -107092.378347367 469169.103927326 -386.069081138817 -386.085940164078
11256.8716653615 -54.9898841556052 -6.90073136116504e-05 0 24.4194395074777 88.1742975679174 -386.069081138817 0.555098990006035 0.55512323286447
11257.363685391 -54.992285874413 -6.80699030916233e-05 -3.2447052932671e-08 24.4204983948308 88.178212297134 -386.085940164078 0.55512323286447 0.555147480579225
        
195350052090437 -156939309470.425 1859563.25318325 -131.204304151538 -2700788535.42853 -214900847.026406 -6130344489.05111 331023448.578507 330499003.235226
-156939309470.425 147176174.792307 -1890.20342520066 0 4816592.41387158 -73576.440585442 11006471.6492623 -358010.43579335 -357351.929376938
1859563.25318325 -1890.20342520066 54.3390802602808 -2.45085219238355 -194.655668888851 11.3922583349209 -281.976039970113 5.1703556312309 4.63034895805265
-131.204304151538 0 -2.45085219238355 0.110885832758131 3.19845880144248 -0.191870850483686 0 0 0.0239626987462408
-2700788535.42853 4816592.41387158 -194.655668888851 3.19845880144248 3316501.23053966 -373485.798850536 7630153.65626553 -26207.9242097887 -26147.8781190168
-214900847.026406 -73576.440585442 11.3922583349209 -0.191870850483686 -373485.798850536 43720.0902964472 -859663.638587854 1874.33997217262 1869.11104734909
-6130344489.05111 11006471.6492623 -281.976039970113 0 7630153.65626553 -859663.638587854 17555297.7255085 -60151.9224388563 -60014.9837959069
331023448.578507 -358010.43579335 5.1703556312309 0 -26207.9242097887 1874.33997217262 -60151.9224388563 1022.02385368792 1019.97371198979
330499003.235226 -357351.929376938 4.63034895805265 0.0239626987462408 -26147.8781190168 1869.11104734909 -60014.9837959069 1019.97371198979 1017.96117310022
        
24635891245044 -13260918414.2787 -2829334.93612551 -2.16435140743745 50433298.3423116 67360401.2686347 -359650284.663462 23784063.8212067 -18884002.070157
-13260918414.2787 7925125.32813303 2756.50441687655 0 -43701.7382777579 -88830.5144210161 344055.681224488 -15652.3711168098 13088.5259068583
-2829334.93612551 2756.50441687655 20.8352817056106 0.110300835715781 -57.2795048912784 -131.534811500753 392.750978960562 -7.41702009862159 2.40768955914964
-2.16435140743745 0 0.110300835715781 0.00104367605919368 -0.0892725224515643 -0.0233996817409465 0 0 -0.0385307511978083
50433298.3423116 -43701.7382777579 -57.2795048912784 -0.0892725224515643 4428.38277095086 13287.2302825994 -39086.7689031243 160.860573174912 -149.13746621797
67360401.2686347 -88830.5144210161 -131.534811500753 -0.0233996817409465 13287.2302825994 40279.8267292659 -117885.653490016 414.817204391487 -415.025611795043
-359650284.663462 344055.681224488 392.750978960562 0 -39086.7689031243 -117885.653490016 346161.836679765 -1358.00807984118 1317.43616525657
23784063.8212067 -15652.3711168098 -7.41702009862159 0 160.860573174912 414.817204391487 -1358.00807984118 34.5979353960511 -30.2261590683648
-18884002.070157 13088.5259068583 2.40768955914964 -0.0385307511978083 -149.13746621797 -415.025611795043 1317.43616525657 -30.2261590683648 34.6177861371102
        
142648689663400 -85230201743.596 -34116.8960215775 -24.7694310085417 -738305664.467589 115060123.119951 -1956786992.36998 150447629.425088 -150506474.046732
-85230201743.596 74965660.9690765 -6.12580656588727 0 1709352.91636155 -322816.201657045 4218538.93601754 -170605.562525478 170677.886589624
-34116.8960215775 -6.12580656588727 10.4504249965654 0.349559933705621 12.2266598207319 -0.588063386170179 -10.818950383773 0.0990415013595379 -0.0948805592263926
-24.7694310085417 0 0.349559933705621 0.0116968257234738 0.555888545247684 -0.0568781048617646 0 0 0.000140675419664618
-738305664.467589 1709352.91636155 12.2266598207319 0.555888545247684 978750.904353449 -190500.918145059 2398724.46810179 -9700.06805226164 9704.39651107269
115060123.119951 -322816.201657045 -0.588063386170179 -0.0568781048617646 -190500.918145059 37227.5425482895 -466848.82282084 1921.25231769009 -1922.10510540443
